0.004 0.000 0.996 blue
0.106 0.000 0.894 blue
0.682 0.000 0.318 red
0.729 0.000 0.271 red
0.196 0.000 0.804 blue
0.800 0.000 0.200 red
0.361 0.000 0.639 blue
0.008 0.000 0.992 blue
0.529 0.000 0.471 red
0.729 0.000 0.271 red
0.341 0.000 0.659 blue
0.255 0.000 0.745 blue
0.600 0.000 0.400 red
0.867 0.000 0.133 red
0.439 0.000 0.561 blue
0.067 0.000 0.933 blue
0.918 0.000 0.082 red
0.816 0.000 0.184 red
0.369 0.000 0.631 blue
0.737 0.000 0.263 red
0.698 0.000 0.302 red
0.200 0.000 0.800 blue
0.859 0.000 0.141 red
0.337 0.000 0.663 blue
0.384 0.000 0.616 blue
0.008 0.000 0.992 blue
0.855 0.000 0.145 red
0.176 0.000 0.824 blue
0.941 0.000 0.059 red
0.443 0.000 0.557 blue
0.580 0.000 0.420 red
0.310 0.000 0.690 blue
0.110 0.000 0.890 blue
0.608 0.000 0.392 red
0.780 0.000 0.220 red
0.227 0.000 0.773 blue
0.110 0.000 0.890 blue
0.302 0.000 0.698 blue
0.859 0.000 0.141 red
0.490 0.000 0.510 red
0.624 0.000 0.376 red
0.616 0.000 0.384 red
0.698 0.000 0.302 red
0.933 0.000 0.067 red
0.796 0.000 0.204 red
0.729 0.000 0.271 red
0.902 0.000 0.098 red
0.678 0.000 0.322 red
0.090 0.000 0.910 blue
0.929 0.000 0.071 red
0.561 0.000 0.439 red
0.141 0.000 0.859 blue
0.216 0.000 0.784 blue
0.271 0.000 0.729 blue
0.000 0.000 1.000 blue
0.161 0.000 0.839 blue
0.694 0.000 0.306 red
0.310 0.000 0.690 blue
0.835 0.000 0.165 red
0.753 0.000 0.247 red
0.784 0.000 0.216 red
0.831 0.000 0.169 red
0.125 0.000 0.875 blue
0.180 0.000 0.820 blue
0.714 0.000 0.286 red
0.918 0.000 0.082 red
0.267 0.000 0.733 blue
0.788 0.000 0.212 red
0.529 0.000 0.471 red
0.776 0.000 0.224 blue
0.510 0.000 0.490 blue
0.753 0.000 0.247 red
0.243 0.000 0.757 blue
0.325 0.000 0.675 blue
0.086 0.000 0.914 blue
0.059 0.000 0.941 blue
0.890 0.000 0.110 red
0.384 0.000 0.616 blue
0.384 0.000 0.616 blue
0.114 0.000 0.886 blue
0.227 0.000 0.773 blue
0.388 0.000 0.612 blue
0.788 0.000 0.212 red
0.686 0.000 0.314 red
0.765 0.000 0.235 red
0.424 0.000 0.576 blue
0.224 0.000 0.776 blue
0.643 0.000 0.357 red
0.267 0.000 0.733 blue
0.580 0.000 0.420 red
0.835 0.000 0.165 red
0.592 0.000 0.408 red
0.741 0.000 0.259 red
